1 -2.4873
2 12.8566
3 -2.39252
4 0.584263
5 1.66166
6 -5.71139
7 3.63234
8 20.4742
9 3.92266
10 9.77042
11 13.536
12 15.1333
13 16.1597
14 26.3994
15 29.7009
16 22.768
17 15.5627
18 22.3581
19 25.3616
20 20.5223
21 14.6507
22 21.4503
23 18.4103
24 20.6563
25 30.7045
26 9.15682
27 19.583
28 6.90983
29 23.1612
30 13.0585
31 18.3281
32 12.6819
33 16.5392
34 5.82099
35 11.7497
36 7.41296
37 6.05383
38 18.1026
39 21.6503
40 14.8568
41 11.7364
42 15.145
43 9.88977
44 20.6891
45 23.5267
46 23.2126
47 21.1838
48 26.6952
49 20.8616
50 23.9679
51 14.7364
52 23.6376
53 20.2257
54 38.558
55 25.9275
56 26.9905
57 34.5533
58 42.0465
59 23.6323
60 27.1345
61 37.6463
62 36.9417
63 31.3968
64 31.6765
65 42.6129
66 33.6127
67 57.9375
68 40.6769
69 34.624
70 53.316
71 45.376
72 43.41
73 51.6726
74 60.8654
75 58.1601
76 63.0866
77 66.1467
78 66.6141
79 45.2732
80 65.969
81 59.6465
82 49.253
83 49.7072
84 55.2915
85 53.9548
86 44.4627
87 61.8249
88 60.3345
89 57.9957
90 49.0348
91 65.3438
92 63.4392
93 52.4049
94 53.092
95 51.8493
96 64.9453
97 55.6802
98 48.269
99 49.907
100 47.4973
101 54.5598