1 13.5637
2 13.8463
3 15.6631
4 15.8071
5 16.1466
6 16.6463
7 18.7779
8 17.6835
9 18.5113
10 15.8542
11 19.8835
12 20.6166
13 17.6861
14 15.5011
15 11.9898
16 23.4153
17 29.5115
18 16.6745
19 26.16
20 24.8456
21 21.1047
22 19.5138
23 14.4586
24 21.4598
25 24.859
26 24.2977
27 23.6845
28 22.6559
29 24.8094
30 20.3067
31 25.3858
32 18.3909
33 25.6674
34 26.2922
35 22.3205
36 26.6526
37 21.0042
38 18.8362
39 25.0096
40 17.0555
41 24.4963
42 17.2258
43 14.0203
44 23.4356
45 17.1229
46 25.229
47 21.1007
48 22.7223
49 20.584
50 20.4845
51 23.8766
52 19.8465
53 20.3599
54 19.8185
55 15.9099
56 21.0199
57 19.6831
58 20.4199
59 11.9457
60 8.48473
61 18.4606
62 16.8037
63 14.0223
64 10.2279
65 9.78078
66 7.47803
67 11.4423
68 10.9215
69 12.548
70 13.0236
71 11.2035
72 5.99997
73 5.54762
74 6.21309
75 4.11826
76 4.06703
77 11.858
78 -3.56039
79 6.79028
80 -1.66513
81 4.79533
82 2.07972
83 -0.606527
84 9.34881
85 5.70294
86 3.11405
87 11.1032
88 8.59604
89 1.37109
90 -2.00202
91 1.59302
92 6.06611
93 6.18039
94 4.27035
95 10.8679
96 11.7542
97 3.57653
98 4.63341
99 9.19032
100 12.4331